coco_class_id pascal_class_id
5  1
2  2
16  3
9  4
44  5
6  6
3  7
17  8
62  9
21  10
67  11
18  12
19  13
4  14
1  15
64  16
20  17
63  18
7  19
72  20
8  21
10  22
11  23
13  24
14  25
15  26
22  27
23  28
24  29
25  30
27  31
28  32
31  33
32  34
33  35
34  36
35  37
36  38
37  39
38  40
39  41
40  42
41  43
42  44
43  45
46  46
47  47
48  48
49  49
50  50
51  51
52  52
53  53
54  54
55  55
56  56
57  57
58  58
59  59
60  60
61  61
65  62
70  63
73  64
74  65
75  66
76  67
77  68
78  69
79  70
80  71
81  72
82  73
84  74
85  75
86  76
87  77
88  78
89  79
90  80
